1 0.385830 0.023094 4.127485 1000 100
2 0.230986 0.017566 4.078685 1000 141
3 0.161572 0.015878 4.305337 1000 173
4 0.122970 0.012652 4.121567 1000 200
5 0.097709 0.012794 4.103806 1000 223
6 0.081496 0.011030 3.528339 1000 244
7 0.066780 0.009867 3.802793 1000 264
9 0.048263 0.008346 3.060476 1000 300
10 0.042579 0.007796 3.889689 1000 316
11 0.038906 0.008065 3.667212 1000 331
13 0.029856 0.006928 4.081752 1000 360
14 0.026714 0.006683 3.596837 1000 374
15 0.023465 0.005475 3.809422 1000 387
16 0.021272 0.005329 3.290370 1000 400
17 0.021046 0.005325 3.207675 1000 412
18 0.017196 0.005248 3.871322 1000 424
19 0.017030 0.004770 3.262654 1000 435
20 0.014940 0.004379 3.443598 1000 447
22 0.012401 0.003890 3.636773 1000 469
23 0.011516 0.003926 3.541141 1000 479
24 0.011575 0.004001 3.218425 1000 489
26 0.009707 0.003796 3.429505 1000 509