1 0.392918 0.011415 7035.416914 100000 500
2 0.240690 0.007692 6247.990984 100000 707
3 0.171469 0.006796 5965.592861 100000 866
4 0.132143 0.005308 5070.740957 100000 1000
5 0.106778 0.005283 4621.197380 100000 1118
6 0.089006 0.004511 4275.962291 100000 1224
7 0.075993 0.004088 4036.384559 100000 1322
8 0.065858 0.003849 3825.003144 100000 1414
9 0.057880 0.003615 3628.680296 100000 1500
10 0.051754 0.003089 3477.283280 100000 1581
11 0.046274 0.003177 3319.054068 100000 1658
12 0.041654 0.003084 3180.434168 100000 1732
13 0.037965 0.002885 3069.679196 100000 1802
14 0.034740 0.002729 2976.797414 100000 1870
15 0.031952 0.002596 3014.326739 100000 1936
16 0.029466 0.002392 2936.553544 100000 2000
17 0.027335 0.002367 2729.933433 100000 2061
18 0.025368 0.002252 2656.805373 100000 2121
19 0.023691 0.002211 2587.790634 100000 2179
20 0.022027 0.002060 2547.081857 100000 2236
21 0.020591 0.002078 2460.439210 100000 2291
22 0.019482 0.001894 2416.397879 100000 2345
23 0.018309 0.001872 2409.308334 100000 2397
24 0.017270 0.001792 2318.676370 100000 2449
25 0.016267 0.001750 2345.473173 100000 2500
26 0.015260 0.004662 2.188048 1000 254
27 0.015328 0.004201 2.147269 1000 259
28 0.013477 0.003793 2.145102 1000 264
29 0.013357 0.003928 2.097416 1000 269
30 0.012385 0.003858 2.070368 1000 273
31 0.011061 0.003308 2.061740 1000 278
32 0.010993 0.003394 2.038053 1000 282
33 0.010422 0.003479 1.983617 1000 287
34 0.011041 0.003342 1.950781 1000 291
35 0.009990 0.003341 1.929110 1000 295
36 0.009610 0.003458 1.901060 1000 300
37 0.009747 0.003534 1.919801 1000 304