1 0.393856 0.009987 23861.807196 100000 500
2 0.243487 0.006438 20902.758524 100000 707
3 0.174225 0.004806 18786.950341 100000 866
4 0.135260 0.003969 17236.736665 100000 1000
5 0.109896 0.003540 16717.316055 100000 1118
6 0.092350 0.003171 14957.261860 100000 1224
7 0.079203 0.003029 13547.976409 100000 1322
8 0.069056 0.002884 12860.515612 100000 1414
9 0.061150 0.002616 12268.415687 100000 1500
10 0.054607 0.002567 11673.706891 100000 1581
11 0.049282 0.002491 11593.523128 100000 1658
12 0.044887 0.002120 11865.204912 100000 1732
13 0.041098 0.002113 10371.437250 100000 1802
14 0.037767 0.002196 10017.763209 100000 1870
15 0.034914 0.002077 9909.175731 100000 1936
16 0.032400 0.001885 9428.360656 100000 2000
17 0.030268 0.001826 9160.375671 100000 2061
18 0.028220 0.001786 8974.044828 100000 2121
19 0.026455 0.001753 8888.212345 100000 217
20 0.025108 0.005086 8.260041 1000 223
21 0.023437 0.005050 7.878721 1000 229
22 0.022487 0.004861 7.650719 1000 234
23 0.020490 0.004203 7.820521 1000 239
24 0.019541 0.004445 7.577246 1000 244
25 0.018360 0.004658 7.471606 1000 250
26 0.017665 0.004193 7.171111 1000 254
27 0.016915 0.004245 7.210437 1000 259
28 0.016011 0.004071 6.894056 1000 264
29 0.014981 0.004336 6.859201 1000 269
30 0.014165 0.004069 6.696132 1000 273
31 0.015050 0.003831 6.633556 1000 278
32 0.014486 0.003785 6.511262 1000 282
33 0.013077 0.003696 6.547200 1000 287
34 0.012581 0.003318 6.494282 1000 291
35 0.012058 0.003682 6.326604 1000 295
36 0.012213 0.003301 6.226258 1000 300
37 0.011437 0.003694 6.276797 1000 304
38 0.010912 0.003662 5.981645 1000 308
39 0.010628 0.003364 6.002058 1000 312
40 0.010459 0.003221 5.875766 1000 316
41 0.009747 0.003090 5.773150 1000 320