1 0.375354 0.045996 120.051607 100000 500
2 0.211654 0.023963 78.939815 100000 513
3 0.137664 0.017304 56.074243 100000 521
4 0.096350 0.013933 43.132212 100000 527
5 0.072212 0.010823 36.869040 100000 532
6 0.055249 0.008756 31.345534 100000 535
7 0.043716 0.007473 27.285796 100000 538
8 0.034399 0.006204 24.765869 100000 541
9 0.028435 0.005427 22.085913 100000 543
10 0.022674 0.004798 19.834418 100000 546
11 0.019136 0.004176 18.449347 100000 547
12 0.015527 0.003694 16.480510 100000 549
13 0.013061 0.003258 16.099704 100000 551
14 0.010864 0.002939 14.576076 100000 552
15 0.008964 0.002464 13.175197 100000 554
16 0.007839 0.002183 13.209538 100000 555
17 0.006722 0.002008 12.004584 100000 556
18 0.005738 0.001779 11.532785 100000 557
19 0.004830 0.001557 11.012748 100000 558
21 0.003597 0.001260 10.670724 100000 560
22 0.003015 0.001089 9.508520 100000 561
23 0.002572 0.001096 9.120091 100000 562
24 0.002208 0.000839 9.066097 100000 563
25 0.001959 0.000841 8.602732 100000 564
26 0.001642 0.000697 7.998091 100000 565
27 0.001419 0.000632 7.827720 100000 565
28 0.001199 0.000562 7.994391 100000 566
29 0.001024 0.000487 9.186984 100000 567
30 0.000883 0.000421 8.079509 100000 568
31 0.000705 0.000363 6.842821 100000 568
32 0.000641 0.000341 6.807077 100000 569
33 0.000554 0.000320 6.553929 100000 569
34 0.000450 0.000248 6.315207 100000 570
35 0.000390 0.000233 6.126972 100000 571
36 0.000342 0.000225 5.850749 100000 571
37 0.000276 0.000193 5.618651 100000 572
38 0.000228 0.000156 5.497036 100000 572
39 0.000204 0.000143 5.523528 100000 573
41 0.000140 0.000112 5.420572 100000 574
42 0.000116 0.000108 4.885965 100000 574
43 0.000093 0.000084 4.796751 100000 575
44 0.000077 0.000069 4.663370 100000 575
45 0.000064 0.000066 4.722554 100000 576
46 0.000048 0.000050 5.055703 100000 576
47 0.000037 0.000045 4.606525 100000 577
48 0.000029 0.000038 4.209438 100000 577
49 0.000023 0.000029 4.121638 100000 577
50 0.000018 0.000028 4.179570 100000 578
51 0.000015 0.000025 3.929723 100000 578
52 0.000011 0.000019 3.970537 100000 579
53 0.000008 0.000015 3.667110 100000 579
54 0.000005 0.000011 3.680013 100000 579
55 0.000003 0.000009 3.492457 100000 580
56 0.000002 0.000007 3.435188 100000 580
57 0.000001 0.000006 3.376616 100000 580
58 0.000001 0.000003 3.181794 100000 581

