1 0.379830 0.037805 231.512161 100000 500
2 0.217879 0.021112 153.140667 100000 513
3 0.145475 0.015462 112.263440 100000 521
4 0.105440 0.012662 91.586964 100000 527
5 0.080488 0.010480 76.899132 100000 532
6 0.062788 0.009259 68.196113 100000 535
7 0.050271 0.007795 57.276641 100000 538
8 0.041923 0.007452 51.090983 100000 541
9 0.033846 0.005941 44.880121 100000 543
10 0.028473 0.005438 40.912510 100000 546
11 0.024281 0.004813 37.528009 100000 547
12 0.020804 0.004277 35.022535 100000 549
13 0.017874 0.003767 33.087375 100000 551
14 0.015300 0.003520 30.862305 100000 552
15 0.013330 0.003379 28.963876 100000 554
16 0.011393 0.002939 27.835605 100000 555
17 0.010210 0.002621 25.623337 100000 556
18 0.009004 0.002323 24.194889 100000 557