1 0.384544 0.045091 390.150097 100000 500
2 0.221944 0.019395 346.516526 100000 707
3 0.151134 0.014282 312.284351 100000 866
4 0.111422 0.011959 293.185795 100000 1000
5 0.085633 0.010473 260.938263 100000 1118
6 0.067651 0.008861 284.386776 100000 1224
7 0.055739 0.007942 266.181293 100000 1322
8 0.045754 0.006805 16556.411053 100000 1414
9 0.038685 0.006086 211.389621 100000 1500
10 0.033011 0.005521 199.983051 100000 1581
11 0.028203 0.005002 195.704754 100000 1658
12 0.024415 0.004626 195.238466 100000 1732
13 0.021212 0.004218 177.658668 100000 1802
14 0.018599 0.003858 174.031406 100000 1870
15 0.016424 0.003422 181.273530 100000 1936
16 0.014546 0.003171 162.354437 100000 2000
17 0.012977 0.002963 155.760934 100000 2061
18 0.011509 0.002730 154.360301 100000 2121
19 0.010363 0.002464 154.556227 100000 2179
20 0.009204 0.002276 151.458391 100000 2236
21 0.008386 0.002117 146.922580 100000 2291
22 0.007581 0.001935 137.843936 100000 2345
23 0.006775 0.001816 130.219656 100000 2397
24 0.006148 0.001654 129.172417 100000 2449
25 0.005647 0.001554 131.440198 100000 2500
26 0.005081 0.001459 124.378282 100000 2549
27 0.004671 0.001388 124.611732 100000 2598
28 0.004265 0.001279 121.741694 100000 2645
29 0.003865 0.001198 129.939718 100000 2692
30 0.003571 0.001090 116.855096 100000 2738
31 0.003323 0.001020 116.799238 100000 2783
32 0.002987 0.000957 114.007866 100000 2828
33 0.002736 0.000879 110.016624 100000 2872
34 0.002537 0.000862 109.280807 100000 2915
35 0.002312 0.000801 106.923065 100000 2958
36 0.002139 0.000746 110.843714 100000 3000
37 0.001980 0.000702 104.062512 100000 3041
38 0.001836 0.000667 106.395331 100000 3082
39 0.001685 0.000604 101.095839 100000 3122
40 0.001555 0.000577 100.474688 100000 3162

