1 0.383249 0.031621 368.360454 100000 500
2 0.227223 0.016325 354.663643 100000 707
3 0.156181 0.012829 315.946715 100000 866
4 0.115564 0.011182 292.225382 100000 1000
5 0.090038 0.009709 265.473797 100000 1118
6 0.072053 0.008506 212.184651 100000 1224
7 0.059241 0.007780 213.914240 100000 1322
8 0.049750 0.007095 215.500313 100000 1414
9 0.041962 0.006302 216.023969 100000 1500
10 0.036087 0.005619 195.577831 100000 1581
11 0.031446 0.005012 167.150588 100000 1658
12 0.027426 0.004477 143.831301 100000 1732
13 0.024059 0.004167 146.761339 100000 1802
14 0.021167 0.003881 134.627075 100000 1870
15 0.019039 0.003553 131.163115 100000 1936
16 0.017092 0.003321 127.281089 100000 2000
17 0.015213 0.003080 123.877739 100000 2061
18 0.013722 0.002870 121.338303 100000 2121
19 0.012241 0.002662 115.800037 100000 2179
20 0.011238 0.002500 114.887806 100000 2236
21 0.010183 0.002325 111.881625 100000 2291
22 0.009338 0.002128 110.703467 100000 2345

