1 0.386798 0.018995 656.374454 100000 500
2 0.230679 0.014962 580.581953 100000 707
3 0.161126 0.011033 520.500293 100000 866
4 0.120378 0.009921 476.693240 100000 1000
5 0.095196 0.008780 435.767484 100000 1118
6 0.077857 0.007687 405.917403 100000 1224
7 0.064871 0.006765 382.892208 100000 1322
8 0.054755 0.006368 362.529482 100000 1414
9 0.047057 0.005806 342.306751 100000 1500
10 0.041117 0.005070 330.462384 100000 1581
11 0.036013 0.004793 321.906493 100000 1658
12 0.031671 0.004540 350.778664 100000 1732
13 0.028392 0.004089 307.367859 100000 1802


