# 3x3x3 net 4 threads
# cops probability stddev time M K 

1 0.379006 +/- 0.077852 207.632688 100000 2000
2 0.203123 +/- 0.026351 124.971693 100000 2000
3 0.127700 +/- 0.016311 90.309673 100000 2000
4 0.086273 +/- 0.012124 72.919370 100000 2000
5 0.061085 +/- 0.009513 59.196404 100000 2000
6 0.044448 +/- 0.007770 52.315897 100000 2000
7 0.032954 +/- 0.006267 45.033019 100000 2000
8 0.024885 +/- 0.005446 40.417861 100000 2000
9 0.018939 +/- 0.004537 34.122889 100000 2000
10 0.014403 +/- 0.003837 31.088306 100000 2000
11 0.011082 +/- 0.003208 28.270819 100000 2000
12 0.008471 +/- 0.002628 26.452680 100000 2000
13 0.006447 +/- 0.002279 24.087826 100000 2000
14 0.004824 +/- 0.001816 22.378199 100000 2000
15 0.003706 +/- 0.001545 21.260946 100000 2000
16 0.002756 +/- 0.001302 20.139221 100000 2000